3380 585 1
3380 585 0
3405 543 0
3121 714 1
3121 714 0
3124 744 0
3124 714 0
3168 719 0
3174 747 0
2818 1008 1
2818 1008 0
2802 966 0
2873 1019 0
3606 725 1
3606 725 0
3623 814 0
3656 820 0
3653 870 0
3642 898 0
3648 926 0
3648 924 0
3648 938 0
3648 929 0
3648 940 0
3645 957 0
3645 960 0
3648 980 0
3637 994 0
3628 1008 0
3642 985 0
3626 1008 0
3645 966 0
3645 974 0
3645 968 0
3642 982 0
3670 977 0
3532 187 1
3532 187 0
3526 210 0
3535 240 0
3518 218 0
3507 181 0
3504 142 0
3499 173 0
3491 140 0
3493 165 0
3480 131 0
3513 196 0
3507 187 0
3510 193 0
3493 170 0
3515 193 0
3639 867 1
3639 867 0
3639 988 0
3650 1016 0
3099 526 1
3099 526 0
3168 613 0
3188 579 0
3190 579 0
3248 599 0
3300 579 0
3331 579 0
3457 358 1
3457 358 0
3471 324 0
3480 366 0
3513 417 0
3521 448 0
3515 492 0
3521 517 0
3524 546 0
3570 610 0
3587 632 0
3603 708 1
3603 708 0
3631 803 0
3634 859 0
3631 884 0
3642 867 0
3648 932 0
3672 918 0
3521 294 1
3521 294 0
3546 229 0
3061 736 1
3061 736 0
3105 744 0
3110 714 0
3102 758 0
3119 714 0
3163 744 0
2796 890 1
2796 890 0
2829 814 0
2882 674 0
3557 1167 1
3557 1167 0
3576 1145 0
3581 1134 0
3579 1139 0
3579 1134 0
3581 1125 0
3587 1114 0
3587 1106 0
3590 1094 0
3598 1080 0
3609 1058 0
3620 1086 0
2907 243 1
2907 243 0
2934 313 0
3080 823 1
3080 823 0
3146 820 0
3160 798 0
3152 820 0
3127 795 0
3168 820 0
3267 1215 1
3267 1215 0
3273 1246 0
3320 1234 0
3367 1262 0
3405 1260 0
3546 1176 1
3546 1176 0
3570 1190 0
3670 910 0
3185 503 1
3185 503 0
3278 495 0
3273 554 0
3256 526 0
3273 565 0
3278 501 0
3284 498 0
3292 534 0
3311 722 1
3311 722 0
3419 761 0
3424 733 0
3422 761 0
3438 730 0
3433 728 0
3424 778 0
3446 764 0
3243 1229 1
3243 1229 0
3364 1209 0
3143 1237 1
3143 1237 0
3215 1218 0
3270 1218 0
3292 1237 0
3380 1240 0
3132 744 1
3132 744 0
3116 719 0
3127 744 0
3149 716 0
3000 425 1
3000 425 0
3011 394 0
3017 349 0
3030 372 0
3066 725 1
3066 725 0
3083 750 0
3113 716 0
3127 741 0
3130 744 0
3165 736 0
3077 728 1
3077 728 0
3083 753 0
3097 722 0
3141 730 0
3193 1041 1
3193 1041 0
3259 982 0
2799 938 1
2799 938 0
2827 1013 0
2802 988 0
2807 1010 0
2832 994 0
3328 789 1
3328 789 0
3367 828 0
3529 291 1
3529 291 0
3537 268 0
3526 257 0
3535 277 0
3548 246 0
3284 1190 1
3284 1190 0
3276 1237 0
3347 1246 0
3353 1265 0
3375 1265 0
2986 165 1
2986 165 0
2992 131 0
3025 126 0
3006 117 0
3003 120 0
2981 140 0
2981 167 0
2978 142 0
2970 176 0
2970 151 0
2964 184 0
2967 159 0
3466 366 1
3466 366 0
3471 319 0
3466 375 0
3455 349 0
3455 335 0
3491 299 0
3515 294 0
3546 226 0
2868 722 1
2868 722 0
2884 680 0
3248 548 1
3248 548 0
3289 515 0
2997 372 1
2997 372 0
2997 341 0
3006 391 0
3022 355 0
3562 1162 1
3562 1162 0
3598 1153 0
2821 778 1
2821 778 0
2843 714 0
2862 691 0
3251 523 1
3251 523 0
3259 548 0
3287 529 0
3295 685 1
3295 685 0
3295 711 0
3408 1108 1
3408 1108 0
3444 1108 0
3234 462 1
3234 462 0
3245 450 0
3256 478 0
3254 464 0
3262 470 0
3281 481 0
3317 484 0
2912 573 1
2912 573 0
2978 523 0
2981 498 0
2813 825 1
2813 825 0
2802 982 0
2835 1005 0
3245 431 1
3245 431 0
3298 487 0
3083 825 1
3083 825 0
3132 820 0
3124 820 0
3157 795 0
3323 744 1
3323 744 0
3427 728 0
3416 730 0
3400 756 0
3405 728 0
3397 753 0
3402 741 0
3391 750 0
3386 725 0
3430 758 0
3221 475 1
3221 475 0
3251 464 0
3237 433 0
3240 439 0
3243 450 0
3248 475 0
3303 475 0
2989 1212 1
2989 1212 0
3003 1218 0
3058 1218 0
3342 728 1
3342 728 0
3339 753 0
3358 728 0
3364 753 0
3378 725 0
3389 750 0
3383 753 0
3369 750 0
3372 753 0
3389 725 0
3088 814 1
3088 814 0
3121 820 0
3149 795 0
3606 691 1
3606 691 0
3634 770 0
3642 795 0
3587 688 1
3587 688 0
3598 733 0
3609 783 0
3628 817 0
3631 1260 1
3631 1260 0
3634 1254 0
3656 1254 0
3590 1092 1
3590 1092 0
3623 1052 0
3612 1050 0
3620 1075 0
2959 534 1
2959 534 0
2964 554 0
2973 548 0
2981 475 0
2827 758 1
2827 758 0
2838 750 0
2840 719 0
2868 705 0
2796 907 1
2796 907 0
2796 876 0
2821 918 0
2799 954 0
2802 980 0
2832 1008 0
3397 943 1
3397 943 0
3419 940 0
2896 274 1
2896 274 0
2951 173 0
2898 571 1
2898 571 0
2962 506 0
3369 753 1
3369 753 0
3397 725 0
3606 758 1
3606 758 0
3642 789 0
3259 478 1
3259 478 0
3262 478 0
3276 456 0
3364 601 1
3364 601 0
3391 562 0
3149 624 1
3149 624 0
3171 646 0
3334 1243 1
3334 1243 0
3378 1243 0
3182 1178 1
3182 1178 0
3345 1136 0
2909 257 1
2909 257 0
2898 296 0
2997 386 1
2997 386 0
3000 389 0
3019 349 0
3325 817 1
3325 817 0
3367 820 0
2995 1215 1
2995 1215 0
3064 1212 0
2818 809 1
2818 809 0
2865 744 0
2799 963 1
2799 963 0
2796 952 0
2796 904 0
2799 921 0
2796 943 0
2816 949 0
2827 761 1
2827 761 0
2835 747 0
3372 481 1
3372 481 0
3397 481 0
3513 296 1
3513 296 0
3535 226 0
3631 887 1
3631 887 0
3667 901 0
3309 778 1
3309 778 0
3334 798 0
3628 862 1
3628 862 0
3656 823 0
3502 450 1
3502 450 0
3518 484 0
3193 1047 1
3193 1047 0
3226 1027 0
3237 999 0
3121 1052 1
3121 1052 0
3138 1010 0
3097 1036 1
3097 1036 0
3099 1092 0
3069 764 1
3069 764 0
3094 719 0
3091 756 0
3094 702 0
3146 702 0
3466 378 1
3466 378 0
3485 419 0
2992 414 1
2992 414 0
2997 380 0
3019 383 0
2896 1181 1
2896 1181 0
3006 1209 0
3463 120 1
3463 120 0
3540 207 0
3022 1094 1
3022 1094 0
3025 1075 0
3022 1075 0
3030 1100 0
3215 487 1
3215 487 0
3273 464 0
3323 896 1
3323 896 0
3364 887 0
3064 733 1
3064 733 0
3086 702 0
3108 697 0
3323 747 1
3323 747 0
3331 739 0
3375 725 0
3328 1271 1
3328 1271 0
3336 1268 0
3364 1268 0
3199 487 1
3199 487 0
3278 456 0
2807 856 1
2807 856 0
2816 828 0
2818 887 0
3215 1036 1
3215 1036 0
3240 1030 0
3262 999 0
3292 1134 1
3292 1134 0
3331 1125 0
3259 1232 1
3259 1232 0
3273 1223 0
3328 1220 0
3364 1215 0
3298 1150 1
3298 1150 0
3331 1142 0
3097 520 1
3097 520 0
3190 601 0
3212 571 0
3267 1195 1
3267 1195 0
3276 1192 0
3265 1229 0
3278 1195 0
3609 767 1
3609 767 0
3603 747 0
3606 761 0
3628 814 0
3221 1215 1
3221 1215 0
3248 1206 0
3524 294 1
3524 294 0
3551 257 0
3097 789 1
3097 789 0
3110 789 0
3132 803 0
3537 526 1
3537 526 0
3535 562 0
3562 587 0
3287 1066 1
3287 1066 0
3311 1050 0
3325 725 1
3325 725 0
3345 753 0
3342 618 1
3342 618 0
3353 607 0
3375 585 0
2821 783 1
2821 783 0
2824 786 0
2821 786 0
2813 812 0
2829 747 0
2824 767 0
2821 781 0
2824 764 0
2818 795 0
2835 817 0
3353 982 1
3353 982 0
3378 971 0
3174 1013 1
3174 1013 0
3179 985 0
3455 338 1
3455 338 0
3485 414 0
3469 1201 1
3469 1201 0
3491 1195 0
2898 274 1
2898 274 0
2931 282 0
2940 313 0
3540 540 1
3540 540 0
3562 559 0
3603 694 1
3603 694 0
3648 814 0
3099 1209 1
3099 1209 0
3165 1243 0
3193 1243 0
3130 475 1
3130 475 0
3171 481 0
3221 501 0
3251 501 0
2967 557 1
2967 557 0
2973 517 0
3353 652 1
3353 652 0
3389 616 0
2926 562 1
2926 562 0
2970 554 0
3609 775 1
3609 775 0
3620 800 0
3061 758 1
3061 758 0
3094 792 0
3119 792 0
2799 977 1
2799 977 0
2838 1002 0
3628 867 1
3628 867 0
3664 893 0
3086 817 1
3086 817 0
3094 820 0
3176 814 0
3251 543 1
3251 543 0
3256 537 0
3281 540 0
3515 268 1
3515 268 0
3551 254 0
3628 882 1
3628 882 0
3656 862 0
3121 470 1
3121 470 0
3168 498 0
3190 498 0
3617 1044 1
3617 1044 0
3623 1078 0
3601 741 1
3601 741 0
3628 756 0
3584 1103 1
3584 1103 0
3587 1097 0
3617 1092 0
3620 1024 1
3620 1024 0
3620 1033 0
3617 1027 0
3620 1019 0
3650 1010 0
2920 260 1
2920 260 0
2937 313 0
3171 1167 1
3171 1167 0
3193 1159 0
3099 520 1
3099 520 0
3154 576 0
3471 489 1
3471 489 0
3471 462 0
3372 1016 1
3372 1016 0
3402 1008 0
3234 459 1
3234 459 0
3229 456 0
3243 478 0
2904 246 1
2904 246 0
2898 291 0
2959 308 0
3325 957 1
3325 957 0
3353 949 0
2796 856 1
2796 856 0
2824 921 0
3234 436 1
3234 436 0
3267 439 0
3014 1069 1
3014 1069 0
3028 1103 0
3565 1156 1
3565 1156 0
3562 1159 0
3546 1178 0
3579 1181 0
3537 532 1
3537 532 0
3554 562 0
3491 159 1
3491 159 0
3518 165 0
2835 733 1
2835 733 0
2865 747 0
3309 638 1
3309 638 0
3336 632 0
2918 803 1
2918 803 0
2929 851 0
3069 795 1
3069 795 0
3094 789 0
2904 559 1
2904 559 0
2926 537 0
2918 646 1
2918 646 0
2912 593 0
2940 557 0
2898 271 1
2898 271 0
2901 274 0
2904 296 0
3474 501 1
3474 501 0
3474 467 0
3064 728 1
3064 728 0
3108 736 0
3507 280 1
3507 280 0
3540 271 0
2799 859 1
2799 859 0
2821 867 0
2940 817 1
2940 817 0
2951 842 0
3003 428 1
3003 428 0
3003 417 0
3025 369 0
3438 1022 1
3438 1022 0
3477 1019 0
3510 1010 0
3196 1190 1
3196 1190 0
3218 1187 0
3047 741 1
3047 741 0
3075 758 0
3502 294 1
3502 294 0
3546 282 0
3438 467 1
3438 467 0
3455 495 0
3080 719 1
3080 719 0
3083 747 0
3493 280 1
3493 280 0
3548 260 0
3507 445 1
3507 445 0
3510 453 0
3513 487 0
3311 924 1
3311 924 0
3356 904 0
3413 442 1
3413 442 0
3416 475 0
2904 562 1
2904 562 0
2945 520 0
3011 1050 1
3011 1050 0
3019 1078 0
3262 767 1
3262 767 0
3276 744 0
3259 1243 1
3259 1243 0
3284 1243 0
3108 526 1
3108 526 0
3154 573 0
3350 1010 1
3350 1010 0
3397 977 0
3518 296 1
3518 296 0
3532 260 0
3510 294 1
3510 294 0
3518 268 0
3587 702 1
3587 702 0
3609 741 0
3397 792 1
3397 792 0
3427 795 0
3008 428 1
3008 428 0
3017 405 0
2805 1377 1
2805 1377 0
2799 1374 1
2799 1374 0
2805 1372 1
2805 1372 0
2799 1360 1
2799 1360 0
2805 1360 1
2805 1360 0
2810 1360 1
2810 1360 0
2818 1355 1
2818 1355 0
2829 1352 1
2829 1352 0
2835 1360 1
2835 1360 0
2829 1363 1
2829 1363 0
2846 1366 1
2846 1366 0
2835 1358 1
2835 1358 0
2843 1352 1
2843 1352 0
2854 1355 1
2854 1355 0
2862 1363 1
2862 1363 0
2860 1355 1
2860 1355 0
2876 1355 1
2876 1355 0
2871 1358 1
2871 1358 0
2876 1363 1
2876 1363 0
2871 1366 1
2871 1366 0
2871 1369 0
2882 1374 1
2882 1374 0
2887 1363 1
2887 1363 0
2882 1358 1
2882 1358 0
2901 1355 1
2901 1355 0
2898 1363 1
2898 1363 0
2907 1369 1
2907 1369 0
2907 1360 1
2907 1360 0
2912 1355 1
2912 1355 0
2904 1349 1
2904 1349 0
2926 1352 1
2926 1352 0
2920 1355 1
2920 1355 0
2926 1369 1
2926 1369 0
2923 1363 1
2923 1363 0
2940 1366 1
2940 1366 0
2937 1360 1
2937 1360 0
2942 1358 1
2942 1358 0
2937 1352 1
2937 1352 0
2953 1366 1
2953 1366 0
2953 1358 1
2953 1358 0
2967 1358 1
2967 1358 0
2973 1355 1
2973 1355 0
2978 1355 1
2978 1355 0
2973 1349 1
2973 1349 0
2967 1355 1
2967 1355 0
2956 1366 1
2956 1366 0
2967 1366 1
2967 1366 0
2973 1369 1
2973 1369 0
2978 1366 1
2978 1366 0
2973 1372 1
2973 1372 0
2984 1363 1
2984 1363 0
2984 1352 1
2984 1352 0
3000 1358 1
3000 1358 0
2995 1360 1
2995 1360 0
3000 1366 1
3000 1366 0
2992 1366 1
2992 1366 0
3000 1374 1
3000 1374 0
2995 1374 1
2995 1374 0
3014 1369 1
3014 1369 0
3014 1366 0
3025 1366 1
3025 1366 0
3030 1369 1
3030 1369 0
3044 1369 1
3044 1369 0
3030 1360 1
3030 1360 0
3036 1358 1
3036 1358 0
3033 1352 1
3033 1352 0
3036 1346 1
3036 1346 0
3039 1352 0
3050 1366 1
3050 1366 0
3019 1355 1
3019 1355 0
3025 1360 1
3025 1360 0
3008 1349 1
3008 1349 0
3022 1223 1
3022 1223 0
2984 1206 0
3047 1223 0
2997 1204 0
3058 1220 0
3017 1201 0
3064 1215 0
3042 1201 0
3113 1226 1
3113 1226 0
3119 1229 1
3119 1229 0
3188 1246 0
3088 1212 0
3210 1246 0
3088 1201 0
3215 1240 0
3088 1195 0
3171 1181 0
3099 1153 0
3176 1176 0
3157 1164 0
3182 1170 0
3171 1162 0
3188 1162 0
3188 1184 1
3188 1184 0
3223 1195 0
3193 1181 0
3234 1190 0
3212 1178 0
3212 1201 0
3094 1164 0
3270 1220 0
3229 1198 0
3287 1215 0
3270 1206 0
3298 1209 0
3287 1204 0
3303 1204 1
3303 1204 0
3281 1184 1
3281 1184 0
3287 1190 0
3270 1190 0
3281 1195 0
3256 1192 0
3270 1201 0
3234 1195 0
3262 1206 0
3176 1223 0
3218 1234 0
3088 1187 0
3218 1226 0
3094 1181 0
3229 1223 0
3094 1173 0
3245 1220 0
3094 1159 0
3339 1254 1
3339 1254 0
3292 1237 0
3367 1254 0
3303 1232 0
3375 1254 0
3323 1229 0
3397 1251 0
3339 1229 0
3413 1248 0
3361 1229 0
3427 1246 0
3372 1223 0
3427 1237 0
3380 1218 0
3427 1232 0
3386 1212 0
3433 1223 0
3391 1206 0
3438 1218 0
3397 1201 0
3438 1209 0
3402 1195 0
3449 1204 0
3408 1187 0
3455 1201 0
3413 1181 0
3466 1195 0
3419 1178 0
3471 1190 0
3424 1170 0
3480 1184 0
3433 1164 0
3491 1178 0
3438 1159 0
3491 1173 0
3444 1153 0
3502 1167 0
3449 1148 0
3513 1164 0
3449 1139 0
3524 1159 0
3449 1131 0
3537 1156 0
3502 1139 0
3543 1150 0
3507 1134 0
3565 1150 0
3518 1128 0
3570 1142 0
3524 1125 0
3576 1136 0
3535 1120 0
3576 1131 0
3543 1114 0
3581 1125 0
3548 1108 0
3587 1117 0
3554 1103 0
3590 1111 0
3554 1097 0
3590 1103 0
3535 1061 0
3601 1086 0
3537 1058 0
3606 1078 0
3543 1052 0
3609 1069 0
3548 1047 0
3612 1064 0
3557 1038 0
3612 1058 0
3570 1036 0
3617 1050 0
3590 1036 0
3620 1044 0
3595 1033 0
3617 1033 0
3595 1024 0
3620 1030 0
3592 1016 0
3623 1022 0
3595 1008 0
3626 1013 0
3603 1002 0
3634 1008 0
3606 996 0
3639 1002 0
3609 988 0
3642 996 0
3606 980 0
3642 988 0
3480 938 0
3590 980 0
3408 912 0
3480 935 0
3413 912 0
3405 921 1
3405 921 0
3397 926 1
3397 926 0
3413 946 0
3394 938 0
3435 946 0
3402 932 0
3444 943 0
3413 926 0
3457 940 0
3438 915 0
3648 982 0
3449 912 0
3648 974 0
3466 910 0
3650 966 0
3480 907 0
3653 960 0
3480 898 0
3650 952 0
3485 893 0
3653 943 0
3485 887 0
3653 935 0
3485 879 0
3653 926 0
3485 870 0
3653 921 0
3480 859 0
3653 912 0
3466 845 0
3648 904 0
3463 840 0
3642 893 0
3460 831 0
3634 882 0
3457 823 0
3628 873 0
3444 809 0
3628 865 0
3292 758 0
3408 800 0
3287 767 0
3394 800 0
3287 772 0
3380 806 0
3289 783 0
3367 809 0
3320 798 0
3339 803 1
3339 803 0
3314 741 0
3408 775 0
3292 744 0
3634 859 0
3292 750 0
3634 851 0
3424 778 0
3642 845 0
3433 772 0
3642 840 0
3444 770 0
3642 831 0
3449 761 0
3634 820 0
3452 758 0
3628 809 0
3480 758 0
3623 800 0
3496 756 0
3623 795 0
3502 747 0
3617 783 0
3601 775 0
3612 772 0
3601 767 1
3601 767 0
3595 750 1
3595 750 0
3507 722 0
3592 747 0
3507 728 0
3587 756 0
3507 736 0
3581 764 0
3502 741 0
3581 772 0
3507 711 0
3590 736 0
3507 705 0
3587 728 0
3507 697 0
3581 716 0
3510 691 0
3579 711 0
3507 680 0
3559 694 0
3504 671 0
3559 685 0
3507 663 0
3559 677 0
3504 657 0
3559 669 0
3507 649 0
3559 663 0
3504 641 0
3559 655 0
3507 632 0
3562 649 0
3507 624 0
3570 641 0
3504 618 0
3573 635 0
3502 607 0
3576 630 0
3504 601 0
3584 624 0
3504 590 0
3581 618 0
3504 585 0
3568 601 0
3507 579 0
3565 593 0
3499 568 0
3565 585 0
3491 557 0
3565 579 0
3504 554 0
3554 568 0
3513 548 0
3529 551 0
3518 543 0
3524 540 1
3524 540 0
3518 534 0
3466 532 1
3466 532 0
3424 515 0
3466 526 0
3427 509 0
3466 517 0
3433 503 0
3460 509 0
3433 495 0
3460 501 0
3438 489 0
3460 492 0
3438 481 0
3455 484 0
3441 475 0
3444 473 1
3444 473 0
3413 520 1
3413 520 0
3452 537 0
3408 526 0
3433 537 0
3397 529 0
3424 546 0
3394 534 0
3419 551 0
3383 543 0
3411 554 0
3380 551 0
3411 559 0
3372 557 0
3400 568 0
3367 559 0
3397 573 0
3364 565 0
3389 579 0
3251 537 0
3386 585 0
3243 543 0
3380 590 0
3234 548 0
3372 599 0
3212 548 0
3367 601 0
3292 582 0
3358 610 0
3303 593 0
3356 613 0
3309 604 0
3353 621 0
3309 613 0
3345 627 0
3306 621 0
3339 635 0
3306 624 0
3328 638 0
3306 635 0
3314 641 1
3314 641 0
3251 568 1
3251 568 0
3245 565 1
3245 565 0
3185 551 0
3240 573 0
3176 554 0
3229 576 0
3174 562 0
3218 582 0
3141 587 0
3182 604 0
3135 582 0
3185 593 0
3124 571 0
3193 587 0
3110 559 0
3201 585 0
3094 543 0
3179 610 1
3179 610 0
3152 601 0
3176 613 0
3204 548 0
3273 537 1
3273 537 0
3278 537 0
3350 559 0
3298 537 0
3347 551 0
3320 537 0
3356 509 1
3356 509 0
3320 498 1
3320 498 0
3298 489 1
3298 489 0
3152 445 0
3256 481 0
3149 453 0
3240 487 0
3135 456 0
3226 489 0
3121 459 0
3210 492 0
3119 464 0
3185 492 0
3121 475 0
3174 492 1
3174 492 0
3163 442 0
3367 503 0
3256 462 0
3375 501 0
3262 459 0
3386 495 0
3281 456 0
3391 489 0
3276 448 0
3397 484 0
3267 442 0
3262 439 1
3262 439 0
3223 431 0
3245 442 0
3212 433 0
3234 445 0
3204 439 0
3229 450 0
3188 439 0
3218 456 0
3234 425 0
3402 478 0
3245 419 0
3267 425 0
3287 433 1
3287 433 0
3402 470 0
3303 433 0
3400 462 0
3323 431 0
3397 453 0
3325 425 0
3389 442 0
3328 417 0
3386 433 0
3369 425 0
3361 425 1
3361 425 0
3325 411 0
3353 414 0
3320 400 0
3356 405 0
3317 391 0
3350 400 0
3323 383 0
3339 386 0
3375 333 1
3375 333 0
3411 347 1
3411 347 0
3372 330 1
3372 330 0
3460 361 0
3446 358 1
3446 358 0
3463 369 1
3463 369 0
3457 372 1
3457 372 0
3466 378 1
3466 378 0
3457 380 1
3457 380 0
3471 386 1
3471 386 0
3460 389 0
3480 397 0
3460 397 0
3480 405 1
3480 405 0
3471 405 1
3471 405 0
3463 352 0
3358 316 0
3463 344 0
3350 305 0
3463 338 0
3336 291 0
3460 330 0
3320 277 0
3457 322 0
3289 263 0
3460 313 0
3204 224 0
3463 305 0
3212 218 0
3466 299 0
3218 212 0
3237 207 1
3237 207 0
3234 207 1
3234 207 0
3480 291 0
3229 212 0
3471 296 0
3243 207 0
3491 282 0
3245 198 0
3513 282 0
3254 193 0
3518 277 0
3281 193 0
3529 274 0
3325 201 0
3309 201 1
3309 201 0
3287 193 0
3278 257 0
3193 235 0
3259 254 0
3193 240 0
3243 260 0
3190 249 0
3234 265 0
3185 251 0
3226 271 0
3179 260 0
3221 280 0
3176 265 0
3210 280 0
3196 282 0
3168 257 1
3168 257 0
3132 240 0
3168 249 0
3146 235 0
3174 243 0
3157 232 0
3165 232 1
3165 232 0
3121 246 1
3121 246 0
3160 260 0
3110 249 0
3149 265 0
3091 246 0
3086 246 0
3075 243 1
3075 243 0
3146 271 0
3069 251 0
3141 277 0
3061 257 0
3135 282 0
3053 260 0
3130 291 0
2997 243 0
3030 249 0
3008 238 0
3028 238 0
3008 232 1
3008 232 0
3019 232 1
3019 232 0
3000 212 1
3000 212 0
3014 212 0
2995 204 0
3017 207 0
2986 193 0
3017 198 0
2984 181 0
3017 193 0
2967 176 1
2967 176 0
2970 176 1
2970 176 0
2970 170 0
3014 181 0
2973 162 0
3011 173 0
2975 159 0
3008 162 0
2984 151 0
3006 153 0
2989 145 0
3008 148 0
2997 140 0
3008 140 1
3008 140 0
3008 131 1
3008 131 0
2973 316 1
2973 316 0
2948 313 1
2948 313 0
2964 316 1
2964 316 0
2978 319 1
2978 319 0
3055 341 0
2918 291 0
3064 335 0
2909 280 0
3077 330 0
2907 274 0
3091 327 0
2909 265 0
3099 322 0
2912 257 0
3105 316 0
2920 251 0
3108 310 0
2926 243 0
3113 305 0
2937 243 0
3119 296 0
2967 243 0
3124 291 0
2992 327 0
3053 349 0
3003 338 0
3047 355 0
3008 347 0
3047 364 0
3008 355 0
3042 369 0
3008 364 0
3036 375 0
3008 369 0
3036 383 0
3008 378 0
3030 389 0
3008 386 0
3028 397 1
3028 397 0
3008 394 0
3025 403 0
3003 400 0
3022 411 1
3022 411 0
3003 408 0
3019 419 0
2995 417 0
3017 422 0
2995 422 0
3008 428 1
3008 428 0
2995 431 1
2995 431 0
3006 436 1
3006 436 0
2997 439 1
2997 439 0
2995 464 1
2995 464 0
2984 464 1
2984 464 0
3000 475 0
2973 470 0
2997 481 0
2967 473 0
2995 489 0
2962 481 0
2997 495 0
2962 489 0
2995 503 0
2962 498 0
2995 512 0
2964 506 0
2992 520 0
2962 512 0
2989 526 0
2953 517 0
2989 534 0
2951 526 0
2989 540 0
2945 534 0
2984 548 0
2942 532 0
2984 554 0
2937 543 0
2978 562 0
2931 548 0
2967 565 0
2920 554 0
2956 568 0
2915 559 0
2942 571 0
2915 565 0
2937 579 0
2904 571 0
2929 585 0
2904 579 0
2926 587 0
2904 587 0
2915 593 1
2915 593 0
2956 635 1
2956 635 0
2978 641 0
2956 638 0
2989 655 1
2989 655 0
2956 646 0
2989 663 0
2953 655 0
2984 666 0
2962 666 0
2978 674 1
2978 674 0
2945 671 1
2945 671 0
2951 677 0
2915 660 1
2915 660 0
2926 666 0
2904 666 0
2962 688 0
2904 674 0
2962 697 0
2898 677 0
2962 705 0
2904 688 0
2962 714 0
2904 697 0
2956 716 0
2918 711 0
2956 725 0
2926 719 0
2956 733 1
2956 733 0
2934 730 1
2934 730 0
2904 767 1
2904 767 0
2851 747 0
2893 756 0
2854 739 0
2879 744 0
2857 730 0
2879 736 0
2857 722 0
2879 728 0
2862 719 0
2884 722 0
2862 711 0
2890 716 0
2868 705 0
2890 708 0
2873 697 0
2890 702 0
2879 691 0
2893 694 0
2887 750 1
2887 750 0
2907 772 0
2843 756 0
2904 778 0
2840 764 0
2901 786 0
2838 772 0
2907 795 0
2838 775 0
2909 806 0
2835 783 0
2909 812 0
2832 789 0
2909 820 0
2829 798 0
2915 828 0
2832 806 0
2915 837 0
2829 812 0
2915 845 0
2827 820 0
2920 854 0
2827 828 0
2973 879 0
2827 837 0
2967 884 0
2827 845 0
2973 896 0
2821 848 0
2978 907 1
2978 907 0
2909 887 0
2984 912 0
2920 898 0
2989 924 0
2920 907 0
2997 935 0
2926 915 0
2997 943 0
2931 924 0
2945 935 1
2945 935 0
2956 932 1
2956 932 0
3003 954 0
2956 940 0
3003 960 0
2962 952 0
3003 968 0
2967 960 0
2997 974 0
2973 968 0
2984 977 1
2984 977 0
3003 1041 1
3003 1041 0
3019 1050 1
3019 1050 0
3003 1047 1
3003 1047 0
3030 1061 1
3030 1061 0
3008 1055 0
3036 1066 0
3008 1064 0
3042 1078 0
3008 1072 0
3042 1086 0
3014 1083 0
3036 1092 0
3014 1089 0
3036 1100 0
3019 1100 1
3019 1100 0
3146 1148 1
3146 1148 0
3099 1136 0
3146 1156 0
3099 1145 0
3141 1164 0
3099 1128 0
3152 1142 0
3099 1122 0
3157 1136 0
3099 1114 0
3160 1131 0
3105 1106 0
3160 1122 0
3108 1100 0
3160 1114 0
3113 1094 0
3165 1108 0
3119 1089 0
3165 1100 0
3124 1083 0
3171 1097 0
3130 1078 0
3171 1089 0
3135 1069 0
3176 1080 0
3141 1064 0
3176 1072 0
3146 1058 0
3176 1064 0
3152 1052 0
3182 1061 0
3157 1047 0
3193 1055 0
3160 1038 0
3199 1050 0
3176 1036 0
3204 1041 0
3176 1030 0
3212 1036 0
3188 1024 0
3218 1030 0
3193 1019 0
3223 1027 0
3204 1013 0
3229 1019 0
3212 1010 0
3229 1010 0
3375 1103 1
3375 1103 0
3433 1117 0
3380 1097 0
3449 1114 0
3391 1092 0
3455 1108 0
3408 1089 0
3444 1089 1
3444 1089 0
3433 1086 0
3507 1114 0
3413 1089 0
3496 1120 0
3466 1111 0
3491 1125 0
3466 1120 0
3485 1134 0
3455 1125 0
3485 1139 0
3449 1089 1
3449 1089 0
3518 1106 0
3471 1089 0
3524 1100 0
3480 1083 0
3535 1094 0
3491 1078 0
3543 1092 0
3502 1072 0
3590 1097 0
3507 1072 0
3595 1094 0
3518 1064 0
3576 985 1
3576 985 0
3485 960 0
3587 982 0
3474 943 0
3540 980 0
3493 966 1
3493 966 0
3397 1114 1
3397 1114 0
3375 1111 0
3513 1201 1
3513 1201 0
3502 1198 0
3529 1215 0
3491 1204 0
3529 1220 0
3480 1209 0
3529 1229 0
3477 1212 0
3529 1237 0
3466 1218 0
3524 1243 0
3455 1223 0
3513 1248 0
3449 1229 0
3507 1251 0
3444 1237 0
3496 1257 0
3444 1243 0
3480 1260 0
3444 1251 0
3471 1265 0
3444 1260 0
3455 1268 0
3444 1268 0
3419 772 1
3419 772 0
3323 736 0
3427 770 0
3328 736 0
3433 764 0
3367 739 0
3444 761 0
3408 744 0
3446 756 0
3427 744 0
3449 747 0
3438 739 0
3455 741 0
3449 736 0
3212 758 1
3212 758 0
3119 730 0
3212 767 0
3105 733 0
3210 775 0
3072 756 0
3193 792 0
3061 747 0
3204 786 0
3055 736 0
3204 778 0
3055 728 0
3210 756 1
3210 756 0
3152 730 0
3204 744 1
3204 744 0
3193 736 1
3193 736 0
3207 739 1
3207 739 0
3160 730 1
3160 730 0
3174 795 0
3077 770 0
3165 803 0
3053 764 0
3047 764 0
3008 747 0
3030 750 0
3017 744 0
3072 730 1
3072 730 0
3006 753 1
3006 753 0
3152 806 0
3003 761 0
3135 809 0
3003 770 0
3119 806 0
3094 770 0
3083 798 0
3003 778 0
3072 803 0
3008 786 0
3050 803 0
3019 798 1
3019 798 0
3036 800 1
3036 800 0
2931 825 1
2931 825 0
2962 834 0
2926 814 0
2953 823 0
2926 809 0
2937 809 0
2920 800 1
2920 800 0
2934 803 1
2934 803 0
2929 831 1
2929 831 0
2973 848 0
2931 840 0
2973 856 0
2934 848 0
2973 865 0
2937 856 0
2973 870 0
2816 854 0
2884 882 0
2810 862 0
2884 890 0
2810 870 0
2884 898 0
2810 879 0
2879 904 0
2810 884 0
2879 912 0
2810 893 0
2879 918 0
2816 901 0
2879 926 0
2816 910 0
2879 935 0
2821 918 0
2879 943 0
2821 926 0
2879 952 0
2821 935 0
2873 957 0
2816 940 0
2868 963 0
2810 949 0
2857 966 0
2810 954 0
2838 968 0
2816 963 0
2838 977 0
2816 971 0
2840 988 0
2816 980 0
2840 994 0
2816 988 0
2846 1002 0
2816 994 0
2851 1013 0
2821 1005 0
2857 1022 0
2821 1013 0
2862 1033 0
2821 1022 0
2862 1038 0
2827 1033 0
2857 1044 0
2827 1038 0
2851 1052 0
2827 1047 1
2827 1047 0
2840 1058 1
2840 1058 0
2816 851 0
2973 632 1
2973 632 0
2973 630 0
2989 638 1
2989 638 0
2984 627 0
3033 543 1
3033 543 0
3019 537 0
3042 537 0
3022 529 0
3044 534 0
3025 520 0
3053 526 0
3033 515 1
3033 515 0
3055 520 0
3042 509 0
3047 509 1
3047 509 0
3044 506 0
3094 501 1
3094 501 0
3080 501 1
3080 501 0
3105 509 0
3083 506 0
3113 520 0
3077 509 0
3127 534 0
3077 517 0
3130 540 0
3083 529 0
3149 554 0
3088 540 0
3281 487 1
3281 487 0
3353 210 1
3353 210 0
3535 265 0
3367 207 0
3535 257 0
3372 201 0
3535 249 0
3378 196 0
3535 243 0
3422 201 0
3532 235 0
3427 198 0
3529 226 0
3433 190 0
3526 215 0
3438 187 0
3524 207 0
3438 176 0
3518 198 0
3435 167 0
3513 190 0
3438 162 0
3510 179 0
3438 156 0
3504 167 0
3449 151 0
3499 159 0
3466 145 0
3491 151 0
3474 140 0
3480 140 1
3480 140 0
3380 193 1
3380 193 0
2865 1344 1
2865 1344 0
3008 221 1
3008 221 0
3011 221 0
3017 215 0
3017 210 0
3019 207 0
3019 179 0
3017 176 0
3017 170 0
3014 167 0
3014 162 0
3011 159 0
3011 140 0
3019 131 0
3017 128 0
3014 128 0
3006 137 0
3003 137 0
3000 140 0
2997 140 0
2975 162 0
2975 165 0
2967 173 0
2967 176 0
2964 179 0
2964 181 0
2967 184 0
2970 181 0
2973 181 0
2975 179 0
2978 179 0
2981 181 0
2984 181 0
2984 187 0
2986 190 0
2986 196 0
2989 198 0
2989 201 0
2992 204 0
2995 204 0
2995 207 0
3460 372 1
3460 372 0
3463 375 0
3466 372 0
3466 335 0
3463 333 0
3463 316 0
3466 313 0
3466 308 0
3469 305 0
3469 302 0
3474 296 0
3477 296 0
3482 291 0
3485 291 0
3488 288 0
3493 288 0
3496 285 0
3513 285 0
3515 282 0
3521 282 0
3524 280 0
3526 280 0
3535 271 0
3535 268 0
3537 265 0
3537 260 0
3540 257 0
3540 254 0
3537 251 0
3537 243 0
3535 240 0
3535 235 0
3532 232 0
3532 224 0
3529 221 0
3529 215 0
3526 212 0
3526 207 0
3524 204 0
3524 201 0
3521 198 0
3521 196 0
3518 193 0
3518 190 0
3515 187 0
3515 184 0
3513 181 0
3513 176 0
3507 170 0
3507 167 0
3504 165 0
3504 162 0
3496 153 0
3496 151 0
3488 142 0
3485 142 0
3480 137 0
3477 137 0
3474 140 0
3474 142 0
3469 148 0
3466 148 0
3463 151 0
3455 151 0
3452 153 0
3446 153 0
3438 162 0
3438 187 0
3435 190 0
3435 193 0
3427 201 0
3416 201 0
3413 204 0
3405 196 0
3400 196 0
3397 193 0
3386 193 0
3383 196 0
3380 196 0
3378 198 0
3375 198 0
3364 210 0
3345 210 0
3339 204 0
3336 204 0
3334 201 0
3311 201 0
3306 196 0
3295 196 0
3292 193 0
3259 193 0
3256 196 0
3254 196 0
3248 201 0
3248 204 0
3243 210 0
3237 204 0
3234 207 0
3234 210 0
3229 215 0
3226 215 0
3223 212 0
3221 212 0
3210 224 0
3207 224 0
3199 232 0
3196 232 0
3193 235 0
3193 240 0
3190 243 0
3190 249 0
3185 254 0
3185 257 0
3179 263 0
3179 274 0
3182 277 0
3185 277 0
3188 280 0
3190 280 0
3193 282 0
3196 282 0
3199 285 0
3207 285 0
3210 282 0
3221 282 0
3223 280 0
3226 280 0
3232 274 0
3234 274 0
3240 268 0
3240 265 0
3243 265 0
3245 263 0
3251 263 0
3254 260 0
3262 260 0
3265 257 0
3267 257 0
3270 260 0
3284 260 0
3287 263 0
3289 263 0
3292 265 0
3298 265 0
3300 268 0
3303 268 0
3306 271 0
3309 271 0
3311 274 0
3314 274 0
3317 277 0
3320 277 0
3328 285 0
3331 285 0
3353 308 0
3353 310 0
3367 324 0
3369 324 0
3386 341 0
3389 341 0
3391 344 0
3394 344 0
3397 347 0
3402 347 0
3405 349 0
3427 349 0
3433 355 0
3435 355 0
3438 358 0
3446 358 0
3452 364 0
3455 364 0
3460 369 0
2997 442 1
2997 442 0
3000 445 0
3003 445 0
3014 433 0
3014 431 0
3019 425 0
3019 422 0
3022 419 0
3022 417 0
3025 414 0
3025 408 0
3028 405 0
3028 400 0
3030 397 0
3030 394 0
3033 391 0
3033 389 0
3039 383 0
3039 380 0
3044 375 0
3044 372 0
3047 369 0
3047 366 0
3050 364 0
3050 361 0
3053 358 0
3053 355 0
3055 352 0
3055 349 0
3066 338 0
3069 338 0
3072 335 0
3077 335 0
3080 333 0
3086 333 0
3088 330 0
3091 330 0
3094 327 0
3097 327 0
3135 288 0
3135 285 0
3157 263 0
3160 263 0
3163 260 0
3168 260 0
3171 257 0
3171 249 0
3176 243 0
3176 240 0
3171 235 0
3171 232 0
3168 229 0
3163 229 0
3160 232 0
3152 232 0
3149 235 0
3146 235 0
3143 238 0
3141 238 0
3138 240 0
3135 240 0
3132 243 0
3124 243 0
3121 246 0
3116 246 0
3113 249 0
3099 249 0
3097 246 0
3091 246 0
3088 243 0
3086 243 0
3083 246 0
3083 240 0
3080 238 0
3077 240 0
3077 243 0
3066 254 0
3064 254 0
3061 257 0
3055 257 0
3053 260 0
3047 260 0
3044 257 0
3042 257 0
3036 251 0
3036 249 0
3033 246 0
3033 243 0
3030 240 0
3030 238 0
3022 229 0
3017 229 0
3008 238 0
3008 240 0
3006 240 0
3003 243 0
3000 243 0
2997 246 0
2981 246 0
2978 243 0
2951 243 0
2948 240 0
2940 240 0
2937 243 0
2929 243 0
2909 263 0
2909 268 0
2907 271 0
2909 274 0
2909 277 0
2912 280 0
2912 282 0
2934 305 0
2937 305 0
2940 308 0
2942 308 0
2948 313 0
2951 313 0
2953 316 0
2962 316 0
2964 319 0
2981 319 0
2984 322 0
2986 322 0
2997 333 0
3000 333 0
3006 338 0
3006 341 0
3008 344 0
3008 352 0
3011 355 0
3011 391 0
3008 394 0
3008 397 0
3006 400 0
3006 403 0
3003 405 0
3003 408 0
3000 411 0
3000 417 0
2997 419 0
3347 509 1
3347 509 0
3350 512 0
3361 512 0
3364 509 0
3367 509 0
3369 506 0
3372 506 0
3375 503 0
3378 503 0
3380 501 0
3383 501 0
3386 498 0
3389 498 0
3391 495 0
3394 495 0
3402 487 0
3402 484 0
3405 481 0
3405 478 0
3408 475 0
3408 467 0
3405 464 0
3405 462 0
3402 459 0
3402 456 0
3397 450 0
3397 448 0
3394 445 0
3394 439 0
3391 436 0
3391 431 0
3386 425 0
3367 425 0
3364 422 0
3361 422 0
3358 419 0
3358 405 0
3353 400 0
3353 397 0
3339 383 0
3328 383 0
3325 380 0
3317 389 0
3317 397 0
3320 400 0
3320 403 0
3323 405 0
3323 408 0
3325 411 0
3325 414 0
3328 417 0
3328 428 0
3325 431 0
3320 431 0
3317 433 0
3278 433 0
3267 422 0
3262 422 0
3259 419 0
3248 419 0
3245 422 0
3243 422 0
3240 425 0
3234 425 0
3232 428 0
3229 428 0
3226 431 0
3223 431 0
3221 433 0
3218 433 0
3215 436 0
3212 436 0
3210 439 0
3168 439 0
3165 442 0
3160 442 0
3149 453 0
3143 453 0
3141 456 0
3130 456 0
3127 459 0
3124 459 0
3119 464 0
3119 473 0
3127 481 0
3132 481 0
3135 484 0
3141 484 0
3143 487 0
3149 487 0
3152 489 0
3154 489 0
3157 492 0
3168 492 0
3171 495 0
3223 495 0
3226 492 0
3234 492 0
3237 489 0
3243 489 0
3245 487 0
3254 487 0
3256 484 0
3273 484 0
3276 487 0
3278 487 0
3281 489 0
3287 489 0
3289 492 0
3303 492 0
3306 495 0
3314 495 0
3317 498 0
3320 498 0
3323 501 0
3328 501 0
3331 503 0
3336 503 0
3342 509 0
2912 596 1
2912 596 0
2918 596 0
2923 590 0
2926 590 0
2931 585 0
2934 585 0
2945 573 0
2948 573 0
2951 571 0
2962 571 0
2964 568 0
2975 568 0
2984 559 0
2984 557 0
2986 554 0
2986 551 0
2989 548 0
2989 543 0
2992 540 0
2992 537 0
2995 534 0
2995 515 0
2997 512 0
2997 503 0
3000 501 0
3000 489 0
3003 487 0
3003 473 0
3000 470 0
3000 467 0
2995 462 0
2989 462 0
2984 467 0
2981 467 0
2975 473 0
2973 473 0
2964 481 0
2964 484 0
2962 487 0
2962 492 0
2964 495 0
2964 509 0
2959 515 0
2959 517 0
2953 523 0
2953 526 0
2931 548 0
2929 548 0
2918 559 0
2918 562 0
2907 573 0
2907 590 0
3314 644 1
3314 644 0
3317 641 0
3320 644 0
3323 644 0
3325 641 0
3334 641 0
3336 638 0
3339 638 0
3358 618 0
3358 616 0
3419 554 0
3422 554 0
3435 540 0
3457 540 0
3460 537 0
3463 537 0
3471 529 0
3471 523 0
3469 520 0
3469 517 0
3466 515 0
3466 495 0
3463 492 0
3463 489 0
3457 484 0
3457 481 0
3446 470 0
3444 470 0
3441 473 0
3441 475 0
3438 478 0
3438 492 0
3435 495 0
3435 501 0
3430 506 0
3430 512 0
3422 520 0
3419 520 0
3416 523 0
3413 523 0
3411 526 0
3408 526 0
3405 529 0
3402 529 0
3400 532 0
3397 532 0
3380 548 0
3380 551 0
3367 565 0
3367 568 0
3361 568 0
3358 565 0
3358 562 0
3353 557 0
3353 554 0
3342 543 0
3339 543 0
3336 540 0
3334 540 0
3331 537 0
3317 537 0
3314 534 0
3311 537 0
3303 537 0
3300 540 0
3289 540 0
3287 537 0
3278 537 0
3276 534 0
3254 534 0
3248 540 0
3245 540 0
3240 546 0
3237 546 0
3234 548 0
3196 548 0
3193 551 0
3188 551 0
3185 554 0
3182 554 0
3174 562 0
3171 562 0
3168 565 0
3165 565 0
3163 562 0
3160 562 0
3146 548 0
3143 548 0
3127 532 0
3124 532 0
3124 529 0
3110 515 0
3110 512 0
3105 506 0
3102 506 0
3094 498 0
3088 498 0
3083 503 0
3083 509 0
3080 512 0
3080 523 0
3083 526 0
3083 529 0
3086 532 0
3086 534 0
3099 548 0
3102 548 0
3154 601 0
3154 604 0
3165 616 0
3168 616 0
3171 618 0
3176 618 0
3182 613 0
3182 610 0
3185 607 0
3185 599 0
3188 596 0
3188 593 0
3190 590 0
3193 590 0
3196 587 0
3221 587 0
3223 585 0
3226 585 0
3229 582 0
3232 582 0
3234 579 0
3237 579 0
3245 571 0
3245 568 0
3254 568 0
3256 571 0
3262 571 0
3265 573 0
3273 573 0
3276 576 0
3287 576 0
3303 593 0
3306 593 0
3306 596 0
3309 599 0
3309 632 0
3306 635 0
2948 741 1
2948 741 0
2953 741 0
2962 733 0
2962 719 0
2964 716 0
2964 685 0
2956 677 0
2956 674 0
2953 671 0
2945 671 0
2942 669 0
2931 669 0
2926 663 0
2923 663 0
2920 660 0
2912 660 0
2904 669 0
2904 677 0
2901 680 0
2904 683 0
2904 694 0
2907 697 0
2907 700 0
3124 809 1
3124 809 0
3127 812 0
3135 812 0
3138 809 0
3157 809 0
3160 806 0
3165 806 0
3168 803 0
3171 803 0
3174 800 0
3176 800 0
3179 798 0
3185 798 0
3188 795 0
3196 795 0
3199 792 0
3201 792 0
3210 783 0
3210 781 0
3212 778 0
3212 770 0
3215 767 0
3215 758 0
3212 756 0
3212 753 0
3210 750 0
3210 739 0
3204 733 0
3201 736 0
3199 736 0
3196 739 0
3193 739 0
3190 741 0
3182 733 0
3179 733 0
3176 730 0
3121 730 0
3119 733 0
3099 733 0
3097 736 0
3086 736 0
3083 733 0
3080 733 0
3077 730 0
3075 730 0
3066 722 0
3061 722 0
3055 728 0
3055 739 0
3077 761 0
3080 761 0
3086 767 0
3088 767 0
3091 770 0
3094 770 0
3066 770 0
3064 767 0
3058 767 0
3055 764 0
3053 764 0
3050 761 0
3047 761 0
3042 756 0
3039 756 0
3033 750 0
3033 747 0
3028 741 0
3019 741 0
3011 750 0
3011 753 0
3008 756 0
3008 758 0
3006 761 0
3006 781 0
3008 783 0
3008 786 0
3019 798 0
3022 798 0
3025 800 0
3030 800 0
3033 803 0
3042 803 0
3044 806 0
3075 806 0
3077 803 0
3080 803 0
3083 800 0
3097 800 0
3099 803 0
3105 803 0
3108 806 0
3113 806 0
3116 809 0
2840 1061 1
2840 1061 0
2843 1058 0
2846 1058 0
2849 1055 0
2851 1055 0
2857 1050 0
2860 1050 0
2862 1047 0
2862 1044 0
2865 1041 0
2865 1030 0
2862 1027 0
2862 1024 0
2860 1022 0
2860 1019 0
2857 1016 0
2857 1013 0
2854 1010 0
2854 1008 0
2851 1005 0
2851 1002 0
2846 996 0
2846 991 0
2843 988 0
2843 982 0
2840 980 0
2840 971 0
2854 971 0
2857 968 0
2862 968 0
2865 966 0
2868 966 0
2871 963 0
2873 963 0
2876 960 0
2879 960 0
2882 957 0
2882 954 0
2884 952 0
2884 935 0
2882 932 0
2882 918 0
2884 915 0
2884 907 0
2887 904 0
2887 884 0
2890 882 0
2890 879 0
2898 879 0
2904 884 0
2907 884 0
2915 893 0
2918 893 0
2918 896 0
2920 898 0
2920 901 0
2923 904 0
2923 907 0
2926 910 0
2926 912 0
2929 915 0
2929 918 0
2931 921 0
2931 924 0
2934 926 0
2934 929 0
2940 935 0
2942 935 0
2945 938 0
2951 932 0
2956 932 0
2959 935 0
2959 943 0
2962 946 0
2962 949 0
2964 952 0
2964 954 0
2967 957 0
2967 963 0
2984 980 0
2989 980 0
2992 977 0
3000 977 0
3006 971 0
3006 949 0
3003 946 0
3003 940 0
3000 938 0
3000 935 0
2997 932 0
2997 929 0
2992 924 0
2992 921 0
2989 918 0
2989 915 0
2986 912 0
2986 910 0
2978 901 0
2978 896 0
2973 890 0
2973 882 0
2975 879 0
2975 873 0
2978 870 0
2978 851 0
2973 845 0
2973 842 0
2964 834 0
2964 831 0
2929 795 0
2926 795 0
2923 798 0
2923 803 0
2926 806 0
2926 814 0
2929 817 0
2929 823 0
2931 825 0
2931 834 0
2934 837 0
2934 845 0
2937 848 0
2937 856 0
2929 856 0
2920 848 0
2920 845 0
2918 842 0
2918 823 0
2915 820 0
2915 809 0
2912 806 0
2912 800 0
2909 798 0
2909 792 0
2907 789 0
2907 783 0
2909 781 0
2909 772 0
2907 770 0
2907 767 0
2904 764 0
2904 761 0
2893 750 0
2887 750 0
2884 747 0
2884 730 0
2887 728 0
2887 725 0
2893 719 0
2893 708 0
2896 705 0
2896 694 0
2890 688 0
2884 688 0
2882 691 0
2879 691 0
2871 700 0
2871 702 0
2865 708 0
2865 711 0
2862 714 0
2862 719 0
2860 722 0
2860 728 0
2857 730 0
2857 733 0
2854 736 0
2854 739 0
2851 741 0
2851 747 0
2849 750 0
2849 753 0
2843 758 0
2843 761 0
2840 764 0
2840 770 0
2838 772 0
2838 783 0
2835 786 0
2835 798 0
2832 800 0
2832 806 0
2829 809 0
2829 842 0
2827 845 0
2827 848 0
2824 848 0
2821 851 0
2818 851 0
2813 856 0
2813 896 0
2816 898 0
2816 904 0
2818 907 0
2818 915 0
2821 918 0
2821 924 0
2824 926 0
2824 935 0
2821 938 0
2821 940 0
2813 949 0
2813 960 0
2816 963 0
2816 974 0
2818 977 0
2818 996 0
2821 999 0
2821 1016 0
2824 1019 0
2824 1030 0
2827 1033 0
2827 1038 0
2829 1041 0
2829 1047 0
2835 1052 0
2835 1055 0
3168 1246 1
3168 1246 0
3171 1248 0
3210 1248 0
3212 1246 0
3215 1246 0
3223 1237 0
3223 1229 0
3226 1229 0
3229 1226 0
3234 1226 0
3237 1223 0
3273 1223 0
3276 1220 0
3281 1220 0
3284 1218 0
3289 1218 0
3292 1215 0
3298 1215 0
3306 1206 0
3306 1204 0
3303 1201 0
3295 1201 0
3292 1204 0
3284 1204 0
3281 1206 0
3270 1206 0
3267 1209 0
3265 1209 0
3265 1206 0
3267 1204 0
3270 1204 0
3273 1201 0
3276 1201 0
3278 1198 0
3281 1198 0
3284 1195 0
3287 1195 0
3292 1190 0
3292 1187 0
3289 1184 0
3281 1184 0
3278 1187 0
3273 1187 0
3270 1190 0
3262 1190 0
3259 1192 0
3243 1192 0
3240 1195 0
3232 1195 0
3229 1198 0
3226 1198 0
3223 1201 0
3221 1201 0
3218 1204 0
3221 1201 0
3223 1201 0
3232 1192 0
3234 1192 0
3240 1187 0
3240 1184 0
3237 1181 0
3234 1181 0
3232 1178 0
3218 1178 0
3215 1181 0
3196 1181 0
3193 1184 0
3171 1184 0
3190 1164 0
3190 1162 0
3188 1159 0
3174 1159 0
3171 1162 0
3160 1162 0
3157 1164 0
3143 1164 0
3149 1159 0
3149 1156 0
3152 1153 0
3152 1150 0
3157 1145 0
3157 1142 0
3160 1139 0
3160 1136 0
3163 1134 0
3163 1128 0
3165 1125 0
3165 1117 0
3168 1114 0
3168 1111 0
3171 1108 0
3171 1103 0
3174 1100 0
3174 1094 0
3176 1092 0
3176 1086 0
3179 1083 0
3179 1072 0
3182 1069 0
3182 1066 0
3190 1058 0
3193 1058 0
3199 1052 0
3201 1052 0
3210 1044 0
3212 1044 0
3229 1027 0
3229 1024 0
3232 1022 0
3232 1010 0
3229 1008 0
3215 1008 0
3212 1010 0
3210 1010 0
3204 1016 0
3201 1016 0
3196 1022 0
3193 1022 0
3188 1027 0
3185 1027 0
3176 1036 0
3171 1036 0
3168 1038 0
3165 1038 0
3138 1066 0
3138 1069 0
3127 1080 0
3127 1083 0
3124 1086 0
3121 1086 0
3108 1100 0
3108 1103 0
3102 1108 0
3102 1111 0
3099 1114 0
3099 1159 0
3097 1162 0
3097 1176 0
3094 1178 0
3094 1184 0
3091 1187 0
3091 1195 0
3088 1198 0
3088 1209 0
3091 1212 0
3091 1215 0
3097 1220 0
3099 1220 0
3102 1223 0
3105 1223 0
3108 1226 0
3110 1226 0
3113 1229 0
3119 1229 0
3121 1232 0
3124 1232 0
3127 1234 0
3132 1234 0
3135 1237 0
3138 1237 0
3141 1240 0
3143 1240 0
3146 1243 0
3152 1243 0
3154 1246 0
3331 1254 1
3331 1254 0
3334 1257 0
3375 1257 0
3378 1254 0
3405 1254 0
3408 1251 0
3416 1251 0
3419 1248 0
3427 1248 0
3430 1246 0
3430 1237 0
3433 1234 0
3433 1232 0
3438 1226 0
3438 1220 0
3441 1218 0
3441 1215 0
3444 1212 0
3444 1209 0
3446 1206 0
3449 1206 0
3452 1204 0
3455 1204 0
3457 1201 0
3460 1201 0
3463 1198 0
3466 1198 0
3471 1192 0
3474 1192 0
3477 1190 0
3480 1190 0
3485 1184 0
3488 1184 0
3499 1173 0
3502 1173 0
3504 1170 0
3510 1170 0
3513 1167 0
3515 1167 0
3518 1164 0
3524 1164 0
3526 1162 0
3535 1162 0
3540 1156 0
3546 1156 0
3548 1153 0
3554 1153 0
3557 1150 0
3557 1153 0
3559 1156 0
3565 1156 0
3568 1153 0
3568 1150 0
3573 1145 0
3573 1142 0
3576 1142 0
3581 1136 0
3579 1134 0
3581 1131 0
3584 1131 0
3587 1128 0
3587 1125 0
3590 1122 0
3590 1114 0
3592 1111 0
3592 1106 0
3595 1103 0
3595 1100 0
3598 1097 0
3598 1094 0
3603 1089 0
3603 1086 0
3606 1083 0
3606 1080 0
3609 1078 0
3609 1075 0
3612 1072 0
3612 1069 0
3615 1066 0
3615 1064 0
3617 1061 0
3617 1058 0
3620 1055 0
3620 1052 0
3623 1050 0
3623 1033 0
3626 1030 0
3626 1027 0
3628 1024 0
3628 1022 0
3631 1019 0
3631 1016 0
3637 1010 0
3637 1008 0
3642 1002 0
3642 999 0
3645 996 0
3645 994 0
3648 991 0
3648 988 0
3650 985 0
3650 982 0
3653 980 0
3653 968 0
3656 966 0
3656 938 0
3659 935 0
3659 912 0
3656 910 0
3656 907 0
3650 901 0
3650 898 0
3639 887 0
3639 884 0
3637 882 0
3637 879 0
3634 876 0
3634 862 0
3637 859 0
3637 856 0
3639 854 0
3639 851 0
3645 845 0
3645 840 0
3648 837 0
3645 834 0
3645 831 0
3637 823 0
3637 820 0
3634 817 0
3634 814 0
3631 812 0
3631 809 0
3628 806 0
3628 800 0
3626 798 0
3626 795 0
3623 792 0
3623 789 0
3620 786 0
3620 783 0
3617 781 0
3617 775 0
3615 772 0
3615 770 0
3609 764 0
3601 772 0
3601 775 0
3598 778 0
3592 778 0
3587 772 0
3587 764 0
3590 761 0
3590 758 0
3598 750 0
3598 744 0
3595 741 0
3595 736 0
3592 733 0
3592 730 0
3590 728 0
3590 722 0
3584 716 0
3584 714 0
3581 711 0
3581 708 0
3573 700 0
3570 700 0
3568 697 0
3565 697 0
3565 691 0
3562 688 0
3562 674 0
3565 671 0
3565 657 0
3568 655 0
3568 649 0
3570 646 0
3570 644 0
3573 641 0
3573 638 0
3576 635 0
3579 635 0
3587 627 0
3587 624 0
3584 621 0
3584 618 0
3576 610 0
3576 607 0
3570 601 0
3570 599 0
3568 596 0
3568 579 0
3554 565 0
3551 565 0
3548 562 0
3546 562 0
3532 548 0
3532 546 0
3526 540 0
3526 537 0
3524 534 0
3518 534 0
3515 537 0
3518 540 0
3518 543 0
3513 548 0
3510 548 0
3504 554 0
3493 554 0
3491 557 0
3491 559 0
3493 562 0
3493 565 0
3496 568 0
3499 568 0
3510 579 0
3507 582 0
3507 585 0
3504 587 0
3504 616 0
3507 618 0
3507 663 0
3504 666 0
3504 677 0
3507 680 0
3507 685 0
3510 688 0
3510 725 0
3507 728 0
3510 730 0
3510 733 0
3507 736 0
3507 741 0
3499 750 0
3499 753 0
3493 758 0
3480 758 0
3477 756 0
3466 756 0
3463 758 0
3457 758 0
3455 761 0
3452 761 0
3444 770 0
3438 770 0
3435 772 0
3433 772 0
3430 775 0
3427 775 0
3424 778 0
3411 778 0
3413 778 0
3416 775 0
3422 775 0
3424 772 0
3430 772 0
3433 770 0
3435 770 0
3441 764 0
3444 764 0
3452 756 0
3452 753 0
3457 747 0
3457 739 0
3455 736 0
3441 736 0
3438 739 0
3435 739 0
3433 741 0
3430 741 0
3427 744 0
3394 744 0
3391 741 0
3378 741 0
3375 739 0
3336 739 0
3334 736 0
3320 736 0
3314 741 0
3306 741 0
3303 739 0
3300 741 0
3298 741 0
3292 747 0
3292 761 0
3289 764 0
3289 783 0
3295 789 0
3298 789 0
3300 792 0
3303 792 0
3306 795 0
3314 795 0
3317 798 0
3320 798 0
3323 800 0
3328 800 0
3331 803 0
3336 803 0
3339 806 0
3347 806 0
3350 809 0
3356 809 0
3358 812 0
3375 812 0
3378 809 0
3380 809 0
3383 806 0
3389 806 0
3391 803 0
3416 803 0
3419 806 0
3435 806 0
3438 809 0
3446 809 0
3449 812 0
3452 812 0
3455 814 0
3457 814 0
3457 817 0
3460 820 0
3460 823 0
3463 825 0
3463 837 0
3466 840 0
3466 845 0
3471 851 0
3474 851 0
3477 854 0
3480 854 0
3480 856 0
3482 859 0
3482 862 0
3488 867 0
3488 890 0
3485 893 0
3485 898 0
3482 901 0
3482 904 0
3480 907 0
3474 907 0
3471 910 0
3457 910 0
3455 912 0
3444 912 0
3441 915 0
3424 915 0
3422 912 0
3411 912 0
3408 915 0
3408 921 0
3413 926 0
3411 929 0
3408 929 0
3408 918 0
3405 915 0
3402 918 0
3402 926 0
3400 929 0
3402 932 0
3402 935 0
3400 938 0
3397 938 0
3394 940 0
3394 943 0
3397 946 0
3400 946 0
3402 949 0
3444 949 0
3449 943 0
3452 946 0
3455 946 0
3460 940 0
3463 940 0
3466 943 0
3469 940 0
3471 943 0
3474 943 0
3474 949 0
3491 966 0
3493 966 0
3496 968 0
3504 968 0
3507 971 0
3518 971 0
3521 974 0
3526 974 0
3529 977 0
3532 977 0
3535 980 0
3537 980 0
3540 982 0
3546 982 0
3548 985 0
3559 985 0
3562 988 0
3584 988 0
3587 985 0
3590 985 0
3595 980 0
3606 980 0
3606 982 0
3609 985 0
3609 996 0
3598 1008 0
3598 1010 0
3595 1013 0
3595 1033 0
3592 1036 0
3565 1036 0
3557 1044 0
3554 1044 0
3540 1058 0
3537 1058 0
3535 1061 0
3532 1061 0
3529 1064 0
3524 1064 0
3521 1066 0
3518 1066 0
3515 1069 0
3510 1069 0
3507 1072 0
3502 1072 0
3496 1078 0
3491 1078 0
3488 1080 0
3485 1080 0
3480 1086 0
3474 1086 0
3471 1089 0
3469 1086 0
3466 1089 0
3446 1089 0
3444 1086 0
3419 1086 0
3416 1089 0
3400 1089 0
3397 1092 0
3391 1092 0
3389 1094 0
3386 1094 0
3378 1103 0
3378 1106 0
3375 1108 0
3375 1114 0
3378 1117 0
3380 1117 0
3383 1120 0
3391 1120 0
3394 1117 0
3408 1117 0
3411 1120 0
3422 1120 0
3424 1122 0
3435 1122 0
3438 1120 0
3446 1120 0
3449 1117 0
3452 1117 0
3455 1114 0
3457 1114 0
3460 1111 0
3463 1111 0
3466 1108 0
3466 1120 0
3463 1120 0
3457 1125 0
3455 1125 0
3449 1131 0
3452 1134 0
3452 1145 0
3446 1150 0
3446 1153 0
3430 1170 0
3427 1170 0
3422 1176 0
3422 1178 0
3380 1220 0
3378 1220 0
3372 1226 0
3367 1226 0
3364 1229 0
3323 1229 0
3320 1232 0
3309 1232 0
3306 1234 0
3298 1234 0
3295 1237 0
3287 1237 0
3284 1240 0
3287 1243 0
3289 1243 0
3292 1246 0
3298 1246 0
3300 1248 0
3306 1248 0
3309 1251 0
3320 1251 0
3323 1254 0
3444 1268 1
3444 1268 0
3446 1271 0
3457 1271 0
3460 1268 0
3474 1268 0
3477 1265 0
3482 1265 0
3485 1262 0
3491 1262 0
3493 1260 0
3496 1260 0
3499 1257 0
3502 1257 0
3504 1254 0
3507 1254 0
3510 1251 0
3513 1251 0
3515 1248 0
3518 1248 0
3521 1246 0
3524 1246 0
3535 1234 0
3535 1215 0
3526 1206 0
3524 1206 0
3518 1201 0
3518 1198 0
3515 1195 0
3510 1195 0
3507 1198 0
3504 1198 0
3502 1201 0
3496 1201 0
3493 1204 0
3488 1204 0
3485 1206 0
3482 1206 0
3477 1212 0
3474 1212 0
3463 1223 0
3460 1223 0
3457 1226 0
3455 1226 0
3446 1234 0
3446 1237 0
3444 1240 0
2920 1192 1
2920 1192 0
2929 1176 1
2929 1176 0
2907 1184 1
2907 1184 0
2890 1162 0
2896 1153 1
2896 1153 0
2890 1139 1
2890 1139 0
2923 1117 1
2923 1117 0
2898 1089 0
2871 1069 1
2871 1069 0
2860 1047 0
2879 1052 0
2860 1027 1
2860 1027 0
2871 1024 0
2843 994 1
2843 994 0
2876 1005 0
2838 968 0
2882 982 0
2865 960 0
2896 971 0
2879 949 0
2901 952 0
2876 924 0
2901 929 0
2882 907 0
2962 946 0
2953 929 0
2934 926 1
2934 926 0
2884 884 0
2915 893 0
2912 834 1
2912 834 0
2931 837 1
2931 837 0
2912 812 0
2926 812 0
2904 783 0
2926 767 0
2884 728 0
3036 840 0
2904 772 0
3036 851 0
2890 719 0
3055 820 0
3050 803 0
3075 809 0
3077 800 1
3077 800 0
3102 806 1
3102 806 0
3138 803 1
3138 803 0
3171 803 1
3171 803 0
3174 795 1
3174 795 0
3199 800 0
3199 789 0
3215 789 1
3215 789 0
3207 772 1
3207 772 0
3221 770 1
3221 770 0
3207 750 1
3207 750 0
3221 747 0
3199 733 1
3199 733 0
3188 739 1
3188 739 0
3157 728 1
3157 728 0
3143 730 0
3124 728 0
3116 733 1
3116 733 0
3061 719 1
3061 719 0
3088 770 1
3088 770 0
2959 694 0
3055 739 0
3047 719 0
3014 747 0
2959 719 0
3006 761 0
2953 739 0
3014 792 0
2890 697 0
2904 694 1
2904 694 0
2882 669 0
2904 671 0
2890 649 0
2904 646 0
2909 649 0
2953 657 1
2953 657 0
2926 652 0
3006 691 0
2981 666 0
3008 671 0
2986 646 1
2986 646 0
3014 655 0
2964 641 1
2964 641 0
2953 646 0
2945 630 1
2945 630 0
2964 630 1
2964 630 0
2945 607 1
2945 607 0
2940 604 0
2926 585 0
3014 632 0
2940 571 0
3019 613 0
2964 562 0
3033 599 0
2981 554 0
3042 579 0
2992 534 0
3050 562 0
2992 512 0
3022 523 0
2995 492 0
3042 512 0
3033 495 0
3077 515 0
3050 506 0
3077 548 1
3077 548 0
3055 523 0
3143 548 1
3143 548 0
3130 526 0
3165 562 0
3146 529 0
3193 548 0
3132 517 1
3132 517 0
3119 520 1
3119 520 0
3097 492 0
3088 498 0
3069 498 1
3069 498 0
3064 551 0
3036 543 0
3014 495 1
3014 495 0
3000 473 0
3008 467 1
3008 467 0
2978 459 1
2978 459 0
2978 470 0
2964 470 1
2964 470 0
2964 481 1
2964 481 0
2951 484 0
2964 503 0
2953 509 1
2953 509 0
2953 520 1
2953 520 0
2940 526 1
2940 526 0
2940 537 1
2940 537 0
2926 540 1
2926 540 0
2926 551 1
2926 551 0
2912 551 1
2912 551 0
2912 562 1
2912 562 0
2898 565 1
2898 565 0
2904 579 1
2904 579 0
2890 582 1
2890 582 0
2923 613 0
2884 601 0
2882 691 1
2882 691 0
2868 691 0
2868 702 0
2857 708 1
2857 708 0
2857 719 1
2857 719 0
2849 725 1
2849 725 0
2854 739 1
2854 739 0
2843 744 1
2843 744 0
2840 764 1
2840 764 0
2829 792 1
2829 792 0
2832 803 1
2832 803 0
2824 809 1
2824 809 0
2827 823 0
2816 825 0
2827 842 0
2810 842 0
2813 859 1
2813 859 0
2807 879 1
2807 879 0
2813 893 1
2813 893 0
2810 901 1
2810 901 0
2821 921 1
2821 921 0
2816 926 1
2816 926 0
2816 940 1
2816 940 0
2810 971 1
2810 971 0
2818 999 1
2818 999 0
2816 1008 1
2816 1008 0
2821 1024 1
2821 1024 0
2813 1030 1
2813 1030 0
2832 1075 0
2802 1044 1
2802 1044 0
2860 1072 0
2912 949 1
2912 949 0
2931 960 1
2931 960 0
2912 938 1
2912 938 0
3075 1036 0
2997 971 0
3083 1016 0
3003 952 0
3083 996 0
2989 921 0
3047 949 0
2967 884 0
3036 918 0
2973 865 0
3042 898 0
2967 840 0
3028 867 0
2959 831 0
3086 985 1
3086 985 0
3110 968 1
3110 968 0
3138 974 0
3119 952 0
3185 971 0
3119 940 0
3185 994 1
3185 994 0
3165 994 1
3165 994 0
3188 1022 0
3160 1013 0
3176 1036 0
3146 1027 0
3157 1044 0
3135 1041 0
3143 1058 1
3143 1058 0
3127 1058 0
3130 1072 0
3113 1072 1
3113 1072 0
3119 1089 0
3102 1089 0
3105 1100 1
3105 1100 0
3083 1097 0
3099 1120 0
3042 1092 0
3099 1145 0
3017 1111 0
3097 1153 0
3003 1080 1
3003 1080 0
3008 1069 1
3008 1069 0
2997 1052 0
3006 1044 1
3006 1044 0
2981 1016 1
2981 1016 0
3069 1089 1
3069 1089 0
3019 1122 0
3094 1184 0
3014 1142 0
3088 1204 0
2992 1150 0
3102 1237 0
3058 1218 1
3058 1218 0
3061 1232 0
3036 1223 0
3033 1234 1
3033 1234 0
2984 1212 0
3003 1204 1
3003 1204 0
2986 1181 0
3030 1201 0
2989 1159 0
3105 1248 1
3105 1248 0
3135 1234 1
3135 1234 0
3179 1251 1
3179 1251 0
3185 1246 0
3212 1251 0
3215 1243 0
3240 1248 0
3221 1223 0
3256 1223 1
3256 1223 0
3234 1220 0
3289 1237 1
3289 1237 0
3265 1232 0
3328 1262 0
3331 1251 0
3361 1274 1
3361 1274 0
3347 1251 1
3347 1251 0
3391 1271 0
3380 1251 0
3419 1268 0
3411 1248 0
3474 1279 0
3466 1265 0
3493 1271 0
3491 1260 0
3507 1260 0
3510 1248 1
3510 1248 0
3529 1248 1
3529 1248 0
3529 1237 0
3551 1243 0
3532 1220 0
3551 1220 0
3496 1173 0
3546 1195 0
3515 1162 0
3546 1184 0
3537 1156 0
3557 1178 0
3546 1150 0
3573 1156 1
3573 1156 0
3570 1142 0
3584 1142 0
3579 1128 0
3592 1111 1
3592 1111 0
3546 1092 1
3546 1092 0
3551 1108 0
3524 1100 0
3532 1120 0
3504 1111 0
3518 1131 0
3491 1125 0
3496 1139 0
3455 1111 1
3455 1111 0
3455 1122 0
3435 1120 0
3449 1142 0
3394 1114 0
3441 1156 0
3358 1092 1
3358 1092 0
3380 1094 0
3372 1078 0
3405 1089 0
3391 1066 0
3435 1086 0
3405 1055 0
3469 1086 0
3427 1047 0
3488 1075 0
3441 1033 0
3515 1069 0
3463 1024 0
3532 1061 0
3488 1016 0
3546 1047 0
3455 1008 1
3455 1008 0
3482 1013 0
3433 946 0
3557 1041 0
3441 940 0
3592 1033 0
3482 935 1
3482 935 0
3482 957 1
3482 957 0
3405 918 1
3405 918 0
3400 924 0
3350 901 0
3400 912 0
3394 898 0
3435 915 0
3422 896 0
3460 910 0
3433 879 0
3482 901 0
3441 862 0
3488 879 0
3435 834 0
3463 842 0
3386 800 1
3386 800 0
3391 814 0
3358 809 0
3339 806 1
3339 806 0
3295 786 1
3295 786 0
3289 783 0
3281 767 1
3281 767 0
3289 761 1
3289 761 0
3281 741 1
3281 741 0
3298 741 0
3276 716 0
3323 736 0
3339 736 0
3358 739 0
3378 739 0
3419 744 1
3419 744 0
3427 739 1
3427 739 0
3441 736 1
3441 736 0
3446 730 0
3496 753 0
3469 722 0
3504 733 0
3477 702 0
3510 714 0
3469 674 0
3510 691 0
3469 652 0
3504 666 0
3466 630 0
3504 644 0
3463 601 0
3504 618 0
3422 551 0
3504 596 0
3433 537 0
3507 579 0
3463 534 0
3491 554 0
3469 526 0
3515 546 0
3463 501 0
3532 537 0
3491 498 0
3529 515 0
3491 475 0
3524 481 0
3477 439 0
3515 453 0
3477 394 0
3502 422 1
3502 422 0
3463 364 0
3469 355 1
3469 355 0
3463 341 1
3463 341 0
3463 330 1
3463 330 0
3460 316 1
3460 316 0
3469 310 1
3469 310 0
3469 299 0
3482 294 0
3488 285 1
3488 285 0
3504 288 0
3510 280 1
3510 280 0
3529 280 1
3529 280 0
3529 268 1
3529 268 0
3537 265 1
3537 265 0
3532 240 1
3532 240 0
3537 232 1
3537 232 0
3524 210 1
3524 210 0
3529 201 1
3529 201 0
3510 179 1
3510 179 0
3510 167 1
3510 167 0
3471 117 0
3474 142 0
3441 131 0
3449 151 0
3422 142 0
3435 162 0
3419 162 0
3435 184 0
3400 170 0
3427 201 0
3367 173 0
3413 204 1
3413 204 0
3358 179 1
3358 179 0
3372 198 0
3267 137 0
3353 207 0
3229 140 0
3240 156 0
3234 176 1
3234 176 0
3276 193 0
3267 173 0
3323 201 0
3226 179 0
3243 204 0
3212 193 0
3226 212 0
3193 204 0
3207 224 0
3171 210 0
3199 240 0
3146 218 0
3185 251 1
3185 251 0
3165 254 1
3165 254 0
3193 296 0
3143 274 0
3174 305 0
3132 288 0
3157 316 0
3119 302 0
3141 333 0
3102 316 0
3132 344 0
3091 327 0
3116 355 0
3069 335 0
3091 364 0
3053 352 0
3075 375 0
3042 364 0
3064 391 0
3036 383 0
3050 403 0
3022 397 0
3042 419 1
3042 419 0
3019 419 0
3022 433 0
3008 433 1
3008 433 0
3014 450 0
2986 442 0
2995 436 1
2995 436 0
2992 422 1
2992 422 0
3000 417 1
3000 417 0
3006 394 1
3006 394 0
3008 352 1
3008 352 0
2967 316 0
2995 344 0
2904 271 1
2904 271 0
2909 263 1
2909 263 0
2909 254 1
2909 254 0
2923 249 1
2923 249 0
2923 235 0
2951 243 1
2951 243 0
2931 221 0
2986 246 0
2964 221 0
3006 240 0
2951 187 0
2995 207 0
2967 179 0
2989 148 1
2989 148 0
3008 148 1
3008 148 0
3033 179 0
3014 176 1
3014 176 0
3036 201 0
3014 198 0
3050 254 0
3055 226 0
3069 246 0
3008 215 0
3105 249 1
3105 249 0
3077 218 0
3130 243 0
3116 221 0
3152 232 0
3154 260 1
3154 260 0
3215 288 1
3215 288 0
3221 277 1
3221 277 0
3248 285 0
3234 265 0
3281 285 0
3256 257 0
3331 285 0
3270 257 0
3317 344 1
3317 344 0
3303 347 0
3391 419 0
3298 366 1
3298 366 0
3317 391 0
3267 366 0
3325 419 0
3226 361 0
3311 431 0
3190 366 0
3281 456 1
3281 456 0
3254 459 1
3254 459 0
3248 445 1
3248 445 0
3229 445 1
3229 445 0
3234 462 1
3234 462 0
3207 428 1
3207 428 0
3226 428 0
3174 383 0
3243 419 0
3185 369 0
3267 445 1
3267 445 0
3251 484 1
3251 484 0
3243 489 0
3226 487 1
3226 487 0
3221 495 1
3221 495 0
3199 492 0
3226 520 0
3160 489 0
3248 537 0
3256 532 1
3256 532 0
3281 537 1
3281 537 0
3295 534 0
3311 534 0
3300 517 0
3364 562 1
3364 562 0
3358 509 0
3386 537 0
3303 506 0
3380 546 0
3367 503 0
3408 523 0
3383 495 0
3427 509 0
3400 478 0
3435 492 0
3419 470 0
3441 473 0
3422 450 1
3422 450 0
3463 489 1
3463 489 0
3400 456 1
3400 456 0
3405 450 1
3405 450 0
3353 414 1
3353 414 0
3394 431 1
3394 431 0
3394 372 1
3394 372 0
3427 349 0
3433 352 0
3460 383 0
3372 347 0
3460 394 0
3309 142 1
3309 142 0
3496 148 1
3496 148 0
3165 400 1
3165 400 0
3201 439 0
3154 419 0
3171 439 0
3132 425 0
3152 450 0
3119 439 0
3130 456 0
3110 456 0
3119 473 1
3119 473 0
3130 478 1
3130 478 0
3212 548 0
3124 579 1
3124 579 0
3201 644 1
3201 644 0
3174 613 0
3221 632 0
3185 596 0
3221 610 0
3199 585 0
3226 590 0
3226 579 1
3226 579 0
3243 582 0
3243 571 0
3276 579 1
3276 579 0
3298 593 1
3298 593 0
3309 613 1
3309 613 0
3295 616 0
3303 632 0
3284 632 1
3284 632 0
3311 660 0
3281 652 0
3309 680 0
3276 671 0
3309 702 0
3276 694 0
3303 722 0
3215 685 1
3215 685 0
3226 702 0
3201 702 0
3221 725 1
3221 725 0
3201 725 1
3201 725 0
3325 649 1
3325 649 0
3325 638 0
3345 638 1
3345 638 0
3345 624 1
3345 624 0
3367 607 1
3367 607 0
3372 599 1
3372 599 0
3380 593 1
3380 593 0
3386 585 1
3386 585 0
3397 582 0
3405 562 1
3405 562 0
3422 562 1
3422 562 0
3524 540 0
3656 641 0
3565 590 0
3634 649 0
3581 630 0
3606 655 0
3570 638 0
3598 669 0
3559 655 0
3592 688 0
3559 680 0
3603 722 0
3562 694 1
3562 694 0
3612 736 1
3612 736 0
3592 736 0
3620 767 0
3587 756 0
3601 775 0
3612 770 1
3612 770 0
3628 795 1
3628 795 0
3626 803 1
3626 803 0
3648 828 0
3642 840 1
3642 840 0
3648 854 1
3648 854 0
3634 856 0
3634 867 1
3634 867 0
3634 879 0
3656 904 0
3653 935 1
3653 935 0
3656 949 1
3656 949 0
3653 957 1
3653 957 0
3653 968 1
3653 968 0
3648 977 1
3648 977 0
3648 988 1
3648 988 0
3639 996 1
3639 996 0
3639 1008 1
3639 1008 0
3628 1013 1
3628 1013 0
3628 1024 1
3628 1024 0
3620 1030 1
3620 1030 0
3620 1052 1
3620 1052 0
3584 982 1
3584 982 0
3601 1005 0
3592 977 0
3592 1010 0
3515 968 0
3491 1010 0
3325 910 0
3408 977 0
3309 918 0
3353 960 0
3295 935 0
3311 957 0
3276 946 0
3284 963 0
3267 960 1
3267 960 0
3267 971 1
3267 971 0
3240 988 1
3240 988 0
3243 1002 0
3201 985 0
3234 1019 1
3234 1019 0
3226 1022 1
3226 1022 0
3226 1033 1
3226 1033 0
3215 1038 0
3212 1047 1
3212 1047 0
3196 1047 1
3196 1047 0
3196 1061 1
3196 1061 0
3179 1061 1
3179 1061 0
3188 1075 1
3188 1075 0
3174 1080 1
3174 1080 0
3199 1106 0
3171 1100 0
3188 1122 0
3160 1117 0
3171 1134 1
3171 1134 0
3154 1134 1
3154 1134 0
3176 1159 0
3149 1153 0
3152 1164 0
3171 1178 1
3171 1178 0
3190 1181 0
3185 1164 0
3196 1162 1
3196 1162 0
3196 1150 0
3207 1181 1
3207 1181 0
3207 1170 0
3243 1192 1
3243 1192 0
3240 1170 0
3278 1184 0
3273 1170 0
3259 1192 0
3262 1206 1
3262 1206 0
3278 1206 0
3276 1192 1
3276 1192 0
3295 1218 1
3295 1218 0
3278 1218 1
3278 1218 0
3273 1223 0
3289 1223 1
3289 1223 0
3314 1232 1
3314 1232 0
3317 1220 1
3317 1220 0
3342 1229 0
3350 1220 0
3375 1223 0
3367 1209 1
3367 1209 0
3389 1212 0
3378 1192 0
3400 1198 0
3391 1181 0
3413 1184 0
3400 1162 0
3427 1170 0
3391 1156 1
3391 1156 0
3378 1173 1
3378 1173 0
3353 1164 1
3353 1164 0
3369 1187 1
3369 1187 0
3339 1178 0
3345 1192 0
3300 1176 0
3328 1206 0
3287 1190 0
3311 1218 1
3311 1218 0
3323 1122 1
3323 1122 0
3350 1128 1
3350 1128 0
3339 1111 0
3380 1128 0
3353 1097 0
3435 1164 1
3435 1164 0
3441 1204 1
3441 1204 0
3457 1223 0
3435 1220 0
3441 1237 1
3441 1237 0
3424 1237 1
3424 1237 0
3441 1260 1
3441 1260 0
3424 1271 0
3430 1288 1
3430 1288 0
3455 1201 0
3482 1206 0
3474 1190 0
3502 1198 0
3573 1212 1
3573 1212 0
3628 1240 0
3601 1209 0
3620 1212 0
3592 1237 0
3626 1271 1
3626 1271 0
3653 1265 1
3653 1265 0
3400 980 1
3400 980 0
3422 803 1
3422 803 0
3455 814 0
3435 767 1
3435 767 0
3446 764 0
3449 756 1
3449 756 0
3469 756 0
3422 770 1
3422 770 0
3419 778 1
3419 778 0
3185 904 1
3185 904 0
3188 921 0
3157 910 0
3193 946 0
3138 918 0
3188 966 0
3193 991 1
3193 991 0
3207 1010 0
3185 1005 0
3055 1044 1
3055 1044 0
2978 1005 0
3110 411 1
3110 411 0
3105 397 1
3105 397 0
3127 400 0
3124 386 0
2978 344 1
2978 344 0
2909 308 0
3033 151 1
3033 151 0
3008 123 1
3008 123 0
3036 131 1
3036 131 0
3022 112 0
3634 557 1
3634 557 0
3620 562 1
3620 562 0
3659 599 0
3592 565 0
3656 618 0
3656 618 1
